version https://git-lfs.github.com/spec/v1
oid sha256:04ed2c7c8eb4f85ce89d20966f8b24ca73c59f1d76652d0e6b0cf0f38b411516
size 5589
