version https://git-lfs.github.com/spec/v1
oid sha256:d9c09017921b0a53d24ddd3d8c3d03c853bc0a5f5b9ee9ffffba4bcced9da3cf
size 87
