version https://git-lfs.github.com/spec/v1
oid sha256:18133512d4a3f3ac0c4b9c341fbfba7da3c56a333d0b181019faf5a1f8a54453
size 5518
