version https://git-lfs.github.com/spec/v1
oid sha256:5d8d1a600582576162dee2d3a1ab2e94bcad34e4fa9ff7a7ca0d2dcefc34d8f2
size 5248
