version https://git-lfs.github.com/spec/v1
oid sha256:35ba438d670ee889580e32a8f0d5a4b0cc52ceec84581ae0c4501a55ba77d751
size 5635
