version https://git-lfs.github.com/spec/v1
oid sha256:80b160eb80a5806bfb8e91f54550c11f9e0665cb504e8b2380df9712ac293234
size 5767
