version https://git-lfs.github.com/spec/v1
oid sha256:71e4728b2eb89bbbe1040645c053055d2a981dff2b1d5497ac94c33d509dae40
size 281
