version https://git-lfs.github.com/spec/v1
oid sha256:12c5a81c95b3fa7bcc4943e10ace87a64347b4f2a90dd6d91019596f232f3d26
size 5701
