version https://git-lfs.github.com/spec/v1
oid sha256:c46a10677f8295088c5232177c07e53c9d1df5e35b9a334bdffc9a59a0660be7
size 88
