version https://git-lfs.github.com/spec/v1
oid sha256:c06e0d6de157467005d00406d28ba4d402b7f04c6982806d896b8ed946be5f70
size 5665
