version https://git-lfs.github.com/spec/v1
oid sha256:4d60e473587bd55e4d904f60973716df619da9c15a83ed03e3abcb1f82dfc285
size 5702
