version https://git-lfs.github.com/spec/v1
oid sha256:7d6bc8b20ab16e9bb004dd715c10a27fcff58092eebbea3eb257d7e3592f3c0a
size 5697
