version https://git-lfs.github.com/spec/v1
oid sha256:4ec0f056b03d4abb4082ef4f6c1ae207b1846fa27d696f01c1cdab20508dad02
size 106
