version https://git-lfs.github.com/spec/v1
oid sha256:d107bc603e057788945233500b2f910d26ad34d0ccc6eb28c93d1d6ee99dafa0
size 104
