version https://git-lfs.github.com/spec/v1
oid sha256:39e8dde096846ede8142ecaf149f321eb111836cd14d0c82dcd924d41858b60f
size 102
